219 196 192 192
219 195 193 193
220 197 192 192
221 197 191 191
219 197 194 194
222 198 191 191
221 196 192 192
220 195 195 195
220 195 194 194
220 195 193 193
221 193 194 194
226 187 189 189
234 183 179 179
242 184 164 164
247 181 163 163
248 184 157 157
243 180 160 160
243 182 157 157
241 183 157 157
243 186 153 153
239 184 159 159
240 182 160 160
241 182 161 161
240 181 159 159
245 186 147 147
245 191 145 145
250 209 128 128
258 219 118 118
262 228 118 118
266 237 112 112
265 241 113 113
265 240 112 112
266 242 112 112
266 240 108 108
269 244 104 104
268 243 112 112
269 242 113 113
272 245 107 107
270 244 108 108
261 236 122 122
255 226 122 122
241 219 137 137
233 211 147 147
230 206 155 155
566 172 47 47
223 195 169 169
217 187 171 171
206 175 189 189
199 169 196 196
198 159 207 207
191 135 226 226
174 106 252 252
164 82 276 276
160 74 288 288
149 60 309 309
131 35 342 342
121 30 369 369
132 22 370 370
171 9 295 295
177 33 262 262
192 61 235 235
202 81 213 213
220 98 200 200
229 113 196 196
237 138 189 189
242 153 190 190
137 168 194 194
139 169 191 191
138 166 198 198
143 165 196 196
145 163 197 197
148 166 194 194
151 166 194 194
152 164 194 194
171 160 192 192
174 151 197 197
180 156 191 191
199 155 194 194
247 165 193 193
92 166 213 213
27 166 222 222
18 170 224 224
36 167 222 222
116 162 212 212
397 397 68 68
398 397 67 67
401 398 64 64
398 396 68 68
401 399 63 63
400 398 64 64
401 399 63 63
400 399 64 64
399 398 65 65
400 398 65 65
399 397 66 66
398 397 67 67
400 398 65 65
399 397 67 67
398 397 67 67
398 397 67 67
397 396 69 69
399 399 64 64
400 398 64 64
401 398 65 65
62 168 227 227
74 172 216 216
71 170 223 223
65 171 226 226
68 174 218 218
68 175 219 219
82 170 224 224
90 171 222 222
93 167 227 227
103 174 215 215
99 167 228 228
113 173 219 219
120 170 224 224
142 180 209 209
148 182 207 207
151 180 214 214
159 181 215 215
167 184 204 204
166 180 212 212
165 177 193 193
174 177 197 197
179 174 203 203
178 174 202 202
174 171 205 205
183 179 190 190
175 172 206 206
180 175 195 195
181 176 199 199
176 173 203 203
173 173 208 208
181 174 200 200
176 172 209 209
186 168 215 215
193 169 200 200
186 166 204 204
184 169 198 198
183 168 195 195
182 166 195 195
188 169 194 194
190 172 192 192
187 168 197 197
186 169 196 196
183 165 200 200
180 166 198 198
179 168 196 196
182 166 194 194
194 174 180 180
169 186 219 219
174 182 198 198
202 197 142 142
178 177 181 181
171 176 195 195
173 178 188 188
178 178 178 178
175 177 182 182
175 177 181 181
174 176 181 181
171 172 186 186
178 178 177 177
174 176 181 181
176 176 180 180
171 174 187 187
175 176 181 181
175 176 181 181
176 176 182 182
170 172 192 192
159 167 206 206
162 169 199 199
160 166 205 205
161 167 199 199
163 167 197 197
162 167 198 198
166 170 192 192
168 171 187 187
162 168 198 198
174 176 197 197
187 183 208 208
188 185 198 198
185 187 194 194
183 187 187 187
176 186 191 191
181 184 189 189
182 185 194 194
439 124 50 50
182 184 199 199
185 186 187 187
180 183 188 188
178 185 184 184
176 185 186 186
182 178 180 180
190 178 171 171
183 176 183 183
179 169 188 188
173 171 190 190
175 174 186 186
173 173 186 186
172 173 189 189
167 169 195 195
175 170 189 189
177 171 183 183
177 170 183 183
179 173 179 179
178 172 182 182
177 166 194 194
187 167 189 189
195 175 175 175
188 173 185 185
183 171 185 185
183 173 187 187
179 175 188 188
157 175 192 192
178 175 184 184
185 171 185 185
183 167 191 191
173 175 191 191
174 177 187 187
182 175 192 192
189 175 193 193
190 176 190 190
195 172 191 191
222 168 202 202
225 168 186 186
212 162 196 196
208 163 193 193
176 167 192 192
164 164 185 185
157 162 185 185
171 173 181 181
174 173 184 184
176 173 184 184
175 172 186 186
178 173 186 186
177 172 186 186
181 173 183 183
181 173 184 184
180 173 183 183
180 174 184 184
180 172 186 186
183 174 184 184
186 174 183 183
186 173 185 185
185 173 185 185
197 173 184 184
221 177 184 184
176 176 177 177
155 170 182 182
152 170 183 183
158 169 186 186
165 171 182 182
171 172 183 183
173 169 184 184
185 171 180 180
228 174 187 187
284 180 177 177
298 179 178 178
293 183 170 170
257 175 175 175
222 172 176 176
188 171 176 176
170 171 180 180
138 169 187 187
116 170 193 193
109 170 192 192
116 170 193 193
122 172 188 188
131 171 187 187
135 168 189 189
130 155 207 207
113 135 244 244
84 119 293 293
60 114 322 322
43 111 332 332
45 109 332 332
45 109 332 332
54 110 316 316
80 113 286 286
109 124 250 250
134 128 218 218
149 139 201 201
162 149 188 188
174 160 174 174
178 166 172 172
180 167 168 168
182 170 166 166
183 169 167 167
181 169 168 168
181 168 174 174
202 167 173 173
206 162 181 181
207 164 190 190
205 165 198 198
204 167 196 196
202 168 194 194
199 169 196 196
195 171 200 200
187 173 206 206
181 174 207 207
363 178 204 204
217 170 205 205
218 173 202 202
217 173 204 204
218 176 198 198
218 176 199 199
219 175 200 200
219 176 197 197
220 174 198 198
230 176 196 196
232 176 201 201
228 174 199 199
225 175 200 200
227 174 204 204
228 175 202 202
231 176 196 196
230 176 195 195
231 176 196 196
231 176 200 200
240 178 200 200
243 173 202 202
244 173 196 196
240 170 197 197
255 172 192 192
269 172 198 198
316 169 212 212
330 172 206 206
291 182 191 191
260 176 195 195
255 170 200 200
256 172 200 200
251 171 207 207
253 176 201 201
253 174 205 205
256 177 201 201
255 175 201 201
255 176 201 201
256 174 203 203
253 170 209 209
255 170 208 208
255 168 209 209
252 171 206 206
251 174 199 199
248 170 206 206
250 174 205 205
250 175 204 204
241 231 187 187
242 233 190 190
244 236 185 185
240 236 181 181
228 235 188 188
221 234 195 195
217 235 199 199
213 232 205 205
215 237 193 193
215 239 192 192
217 240 189 189
218 237 194 194
218 238 195 195
214 234 201 201
215 234 200 200
215 234 200 200
215 234 200 200
214 233 204 204
216 236 198 198
217 236 198 198
216 236 198 198
214 234 202 202
216 236 196 196
214 234 199 199
218 237 196 196
215 234 202 202
218 236 197 197
218 236 197 197
218 236 198 198
218 236 197 197
218 237 197 197
218 236 198 198
220 238 195 195
219 237 197 197
217 235 200 200
218 236 198 198
219 237 196 196
219 238 194 194
221 240 191 191
222 238 191 191
222 238 192 192
221 238 194 194
222 239 191 191
223 239 189 189
221 236 194 194
228 240 188 188
227 239 190 190
228 238 191 191
221 237 195 195
206 240 192 192
213 236 191 191
217 232 194 194
222 235 200 200
215 242 199 199
210 241 196 196
201 241 195 195
197 242 197 197
201 247 192 192
202 246 194 194
201 246 194 194
195 245 194 194
194 245 193 193
236 232 197 197
232 235 193 193
228 233 197 197
220 230 203 203
219 231 199 199
219 231 198 198
216 229 200 200
214 227 202 202
216 228 200 200
216 229 198 198
209 227 197 197
207 227 197 197
202 230 195 195
193 229 202 202
190 227 207 207
199 229 199 199
176 207 231 231
177 207 229 229
176 204 233 233
178 204 233 233
178 205 231 231
184 207 225 225
184 202 230 230
182 202 230 230
162 199 237 237
155 192 240 240
146 191 245 245
165 194 236 236
177 198 234 234
196 199 222 222
194 197 228 228
194 196 230 230
198 195 231 231
196 197 226 226
202 198 218 218
215 206 205 205
221 210 203 203
251 219 188 188
374 212 193 193
373 204 204 204
377 205 201 201
378 207 199 199
374 205 201 201
323 217 197 197
247 204 199 199
235 199 207 207
223 194 214 214
215 192 227 227
229 197 223 223
229 195 235 235
225 198 230 230
227 199 228 228
230 202 224 224
231 189 228 228
221 194 229 229
207 205 220 220
197 210 222 222
193 211 224 224
197 210 224 224
